0 0.134375 0.34512867647058826 0.030208333333333334 0.03952205882352941
0 0.20963541666666666 0.3492647058823529 0.025520833333333333 0.034926470588235295
0 0.24036458333333333 0.44715073529411764 0.015104166666666667 0.046875
0 0.2799479166666667 0.40670955882352944 0.018229166666666668 0.06525735294117647
0 0.34036458333333336 0.44577205882352944 0.016145833333333335 0.07169117647058823
0 0.38828125 0.3681066176470588 0.024479166666666666 0.035845588235294115
0 0.30130208333333336 0.4186580882352941 0.024479166666666666 0.043198529411764705
0 0.47578125 0.4039522058823529 0.0140625 0.02665441176470588
0 0.37473958333333335 0.48713235294117646 0.024479166666666666 0.05514705882352941
0 0.5971354166666667 0.5096507352941176 0.018229166666666668 0.050551470588235295
0 0.6598958333333333 0.3547794117647059 0.029166666666666667 0.05698529411764706
0 0.6854166666666667 0.43474264705882354 0.022916666666666665 0.10294117647058823
0 0.7471354166666667 0.3984375 0.0296875 0.08547794117647059
0 0.8018229166666667 0.38419117647058826 0.0203125 0.07169117647058823
0 0.79765625 0.31525735294117646 0.018229166666666668 0.034926470588235295
0 0.9463541666666667 0.44715073529411764 0.014583333333333334 0.04871323529411765
0 0.7828125 0.4306066176470588 0.0125 0.03952205882352941