0 0.06875 0.41452205882352944 0.022916666666666665 0.034926470588235295
0 0.20833333333333334 0.35799632352941174 0.013541666666666667 0.03400735294117647
0 0.14739583333333334 0.4508272058823529 0.015625 0.046875
0 0.44635416666666666 0.40027573529411764 0.026041666666666668 0.03768382352941176
0 0.48411458333333335 0.35018382352941174 0.013020833333333334 0.03125
0 0.53359375 0.4618566176470588 0.024479166666666666 0.050551470588235295
0 0.7151041666666667 0.4540441176470588 0.011458333333333333 0.016544117647058824
0 0.95078125 0.3584558823529412 0.016145833333333335 0.03125
0 0.9596354166666666 0.42003676470588236 0.0171875 0.058823529411764705
0 0.9317708333333333 0.4365808823529412 0.017708333333333333 0.07536764705882353
0 0.86484375 0.3984375 0.018229166666666668 0.04503676470588235
0 0.8877604166666667 0.4820772058823529 0.019270833333333334 0.078125