0 0.1515625 0.421875 0.020833333333333332 0.08455882352941177
0 0.22109375 0.5022977941176471 0.0171875 0.043198529411764705
0 0.26848958333333334 0.5762867647058824 0.0359375 0.08272058823529412
0 0.4041666666666667 0.5726102941176471 0.03229166666666667 0.0661764705882353
0 0.4591145833333333 0.5395220588235294 0.0453125 0.03676470588235294
0 0.42239583333333336 0.4618566176470588 0.01875 0.05422794117647059
0 0.5734375 0.4646139705882353 0.035416666666666666 0.05606617647058824
0 0.48046875 0.3828125 0.0203125 0.030330882352941176
0 0.6080729166666666 0.4397977941176471 0.0203125 0.05606617647058824
0 0.66953125 0.5009191176470589 0.0203125 0.0625
0 0.7622395833333333 0.4650735294117647 0.0203125 0.051470588235294115