0 0.09791666666666667 0.5193014705882353 0.014583333333333334 0.06433823529411764
0 0.10182291666666667 0.6107536764705882 0.021354166666666667 0.0744485294117647
0 0.07864583333333333 0.5519301470588235 0.013541666666666667 0.06525735294117647
0 0.14609375 0.4696691176470588 0.0234375 0.08639705882352941
0 0.1203125 0.5307904411764706 0.015625 0.06709558823529412
0 0.22890625 0.46920955882352944 0.0171875 0.07077205882352941
0 0.26796875 0.4765625 0.0296875 0.07628676470588236
0 0.30625 0.41590073529411764 0.016666666666666666 0.04136029411764706
0 0.33958333333333335 0.4181985294117647 0.025 0.03308823529411765
0 0.36614583333333334 0.4650735294117647 0.014583333333333334 0.042279411764705885
0 0.38307291666666665 0.32077205882352944 0.011979166666666667 0.05698529411764706
0 0.4471354166666667 0.5376838235294118 0.03697916666666667 0.11397058823529412
0 0.6791666666666667 0.5946691176470589 0.03333333333333333 0.09375
0 0.57109375 0.5211397058823529 0.027604166666666666 0.04411764705882353
0 0.5375 0.5680147058823529 0.026041666666666668 0.07536764705882353
0 0.7901041666666667 0.6318933823529411 0.017708333333333333 0.043198529411764705
0 0.8341145833333333 0.5294117647058824 0.0171875 0.029411764705882353