0 0.334375 0.46599264705882354 0.028125 0.07536764705882353
0 0.4041666666666667 0.5284926470588235 0.022916666666666665 0.042279411764705885
0 0.5197916666666667 0.4880514705882353 0.015625 0.04963235294117647
0 0.5807291666666666 0.578125 0.019791666666666666 0.0661764705882353
0 0.5885416666666666 0.6525735294117647 0.013541666666666667 0.07536764705882353
0 0.6041666666666666 0.6617647058823529 0.0125 0.0625
0 0.6010416666666667 0.5537683823529411 0.01875 0.07628676470588236
0 0.61796875 0.5574448529411765 0.013020833333333334 0.0744485294117647
0 0.65859375 0.49172794117647056 0.021354166666666667 0.07720588235294118
0 0.7317708333333334 0.49816176470588236 0.017708333333333333 0.07904411764705882
0 0.7994791666666666 0.5073529411764706 0.019791666666666666 0.07536764705882353
0 0.8565104166666667 0.49862132352941174 0.021354166666666667 0.035845588235294115
0 0.9611979166666667 0.5836397058823529 0.018229166666666668 0.04779411764705882
0 0.6924479166666667 0.3166360294117647 0.0109375 0.05422794117647059