0 0.10130208333333333 0.4646139705882353 0.015104166666666667 0.06525735294117647
0 0.05911458333333333 0.5280330882352942 0.011979166666666667 0.0744485294117647
0 0.05677083333333333 0.34191176470588236 0.019791666666666666 0.06066176470588235
0 0.15286458333333333 0.2922794117647059 0.015104166666666667 0.042279411764705885
0 0.24895833333333334 0.5579044117647058 0.015625 0.05330882352941176
0 0.29140625 0.5078125 0.016145833333333335 0.04871323529411765
0 0.49661458333333336 0.5 0.018229166666666668 0.06433823529411764
0 0.41171875 0.42141544117647056 0.025520833333333333 0.04503676470588235
0 0.6713541666666667 0.5487132352941176 0.021875 0.03676470588235294
0 0.7661458333333333 0.5142463235294118 0.016666666666666666 0.035845588235294115
0 0.8299479166666667 0.6636029411764706 0.013020833333333334 0.051470588235294115
0 0.8122395833333333 0.6507352941176471 0.0140625 0.06985294117647059
0 0.81640625 0.5827205882352942 0.013020833333333334 0.04779411764705882
0 0.8346354166666666 0.5657169117647058 0.0171875 0.06709558823529412
0 0.8705729166666667 0.5087316176470589 0.015104166666666667 0.07261029411764706
0 0.9171875 0.5128676470588235 0.016666666666666666 0.06433823529411764
0 0.9744791666666667 0.5202205882352942 0.020833333333333332 0.0661764705882353