0 0.054427083333333334 0.3616727941176471 0.013020833333333334 0.04503676470588235
0 0.18984375 0.4094669117647059 0.0203125 0.078125
0 0.18307291666666667 0.5827205882352942 0.018229166666666668 0.07352941176470588
0 0.21276041666666667 0.5266544117647058 0.0203125 0.08823529411764706
0 0.28515625 0.5689338235294118 0.0171875 0.06985294117647059
0 0.33098958333333334 0.37316176470588236 0.015104166666666667 0.058823529411764705
0 0.35130208333333335 0.41130514705882354 0.016145833333333335 0.030330882352941176
0 0.34088541666666666 0.49264705882352944 0.025520833333333333 0.08272058823529412
0 0.38828125 0.3147977941176471 0.013020833333333334 0.030330882352941176
0 0.5083333333333333 0.5905330882352942 0.020833333333333332 0.05974264705882353
0 0.5520833333333334 0.5496323529411765 0.011458333333333333 0.025735294117647058
0 0.6645833333333333 0.44806985294117646 0.03125 0.03768382352941176
0 0.7453125 0.5367647058823529 0.01875 0.04779411764705882
0 0.97421875 0.6525735294117647 0.013020833333333334 0.05330882352941176
0 0.9869791666666666 0.6594669117647058 0.0125 0.05238970588235294
0 0.9911458333333333 0.5684742647058824 0.011458333333333333 0.04136029411764706
0 0.9458333333333333 0.5284926470588235 0.013541666666666667 0.03860294117647059
0 0.8838541666666667 0.5684742647058824 0.016666666666666666 0.03400735294117647
0 0.78046875 0.45909926470588236 0.013020833333333334 0.04503676470588235