0 0.021354166666666667 0.5289522058823529 0.015625 0.06525735294117647
0 0.04401041666666667 0.5234375 0.0140625 0.08547794117647059
0 0.06197916666666667 0.5170036764705882 0.011458333333333333 0.06525735294117647
0 0.17369791666666667 0.46875 0.011979166666666667 0.05330882352941176
0 0.20078125 0.46369485294117646 0.0078125 0.03952205882352941
0 0.2825520833333333 0.38878676470588236 0.018229166666666668 0.051470588235294115
0 0.4666666666666667 0.6236213235294118 0.01875 0.07628676470588236
0 0.4986979166666667 0.44669117647058826 0.0203125 0.06985294117647059
0 0.5708333333333333 0.5988051470588235 0.01875 0.0744485294117647
0 0.49921875 0.5661764705882353 0.019270833333333334 0.08639705882352941
0 0.7596354166666667 0.6112132352941176 0.015104166666666667 0.042279411764705885
0 0.8744791666666667 0.4866727941176471 0.020833333333333332 0.03216911764705882
0 0.93515625 0.5546875 0.015104166666666667 0.05974264705882353