0 0.06328125 0.47012867647058826 0.0140625 0.05606617647058824
0 0.19244791666666666 0.4977022058823529 0.015104166666666667 0.06341911764705882
0 0.20833333333333334 0.5395220588235294 0.01875 0.07720588235294118
0 0.3463541666666667 0.4563419117647059 0.016666666666666666 0.05422794117647059
0 0.30807291666666664 0.4140625 0.0203125 0.06525735294117647
0 0.33515625 0.3975183823529412 0.011979166666666667 0.057904411764705885
0 0.41770833333333335 0.3828125 0.015625 0.05238970588235294
0 0.4609375 0.36856617647058826 0.015625 0.06433823529411764
0 0.48098958333333336 0.39246323529411764 0.015104166666666667 0.06433823529411764
0 0.6947916666666667 0.5514705882352942 0.0125 0.042279411764705885
0 0.7140625 0.5064338235294118 0.014583333333333334 0.06066176470588235
0 0.6552083333333333 0.4296875 0.01875 0.04136029411764706
0 0.74921875 0.4568014705882353 0.021354166666666667 0.02389705882352941
0 0.8403645833333333 0.6052389705882353 0.013020833333333334 0.043198529411764705
0 0.8705729166666667 0.5905330882352942 0.0140625 0.050551470588235295
0 0.92109375 0.40762867647058826 0.0171875 0.024816176470588234