0 0.04088541666666667 0.29963235294117646 0.013020833333333334 0.05514705882352941
0 0.07708333333333334 0.5022977941176471 0.026041666666666668 0.03216911764705882
0 0.29401041666666666 0.4430147058823529 0.0171875 0.0625
0 0.47109375 0.4728860294117647 0.0203125 0.07628676470588236
0 0.48802083333333335 0.5234375 0.01875 0.08363970588235294
0 0.6200520833333333 0.3782169117647059 0.011979166666666667 0.050551470588235295
0 0.5875 0.3938419117647059 0.0125 0.05974264705882353
0 0.6307291666666667 0.44393382352941174 0.016666666666666666 0.06433823529411764
0 0.69453125 0.3671875 0.019270833333333334 0.04871323529411765
0 0.7385416666666667 0.33777573529411764 0.019791666666666666 0.11121323529411764
0 0.75546875 0.38419117647058826 0.009895833333333333 0.0625
0 0.8966145833333333 0.4250919117647059 0.015104166666666667 0.035845588235294115