0 0.23229166666666667 0.5009191176470589 0.017708333333333333 0.08272058823529412
0 0.34088541666666666 0.31433823529411764 0.018229166666666668 0.06433823529411764
0 0.47161458333333334 0.4733455882352941 0.0109375 0.04044117647058824
0 0.39166666666666666 0.4186580882352941 0.015625 0.043198529411764705
0 0.5958333333333333 0.33777573529411764 0.017708333333333333 0.05974264705882353
0 0.66640625 0.36672794117647056 0.015104166666666667 0.06985294117647059
0 0.6658854166666667 0.4820772058823529 0.0140625 0.0744485294117647
0 0.6846354166666667 0.3616727941176471 0.016145833333333335 0.06341911764705882
0 0.7088541666666667 0.39200367647058826 0.030208333333333334 0.10018382352941177
0 0.7721354166666666 0.3239889705882353 0.0140625 0.057904411764705885
0 0.8489583333333334 0.5703125 0.01875 0.05238970588235294
0 0.6921875 0.4958639705882353 0.016666666666666666 0.09650735294117647
0 0.9903645833333333 0.5087316176470589 0.0140625 0.05974264705882353