0 0.029166666666666667 0.33088235294117646 0.020833333333333332 0.0661764705882353
0 0.27786458333333336 0.4241727941176471 0.024479166666666666 0.057904411764705885
0 0.5044270833333333 0.5248161764705882 0.0234375 0.08272058823529412
0 0.52578125 0.3203125 0.013020833333333334 0.03400735294117647
0 0.7244791666666667 0.49954044117647056 0.011458333333333333 0.03952205882352941
0 0.7427083333333333 0.5229779411764706 0.019791666666666666 0.05514705882352941
0 0.5177083333333333 0.44715073529411764 0.022916666666666665 0.03400735294117647
0 0.8247395833333333 0.3671875 0.0140625 0.05238970588235294
0 0.9580729166666667 0.35983455882352944 0.013020833333333334 0.05238970588235294
0 0.9114583333333334 0.43014705882352944 0.016666666666666666 0.058823529411764705
0 0.8981770833333333 0.39981617647058826 0.018229166666666668 0.06985294117647059
0 0.89609375 0.5087316176470589 0.018229166666666668 0.0818014705882353
0 0.8708333333333333 0.49862132352941174 0.013541666666666667 0.06709558823529412