0 0.33932291666666664 0.3538602941176471 0.024479166666666666 0.07169117647058823
0 0.28463541666666664 0.31112132352941174 0.022395833333333334 0.078125
0 0.34479166666666666 0.23529411764705882 0.025 0.05514705882352941
0 0.14088541666666668 0.32674632352941174 0.015104166666666667 0.06525735294117647
0 0.014583333333333334 0.17509191176470587 0.025 0.0744485294117647
0 0.415625 0.4898897058823529 0.026041666666666668 0.09375
0 0.41744791666666664 0.31204044117647056 0.0265625 0.050551470588235295
0 0.4609375 0.30652573529411764 0.03229166666666667 0.04136029411764706
0 0.46536458333333336 0.22058823529411764 0.022395833333333334 0.04044117647058824
0 0.5484375 0.4577205882352941 0.030208333333333334 0.10661764705882353
0 0.6049479166666667 0.35018382352941174 0.0296875 0.07352941176470588
0 0.6815104166666667 0.30514705882352944 0.0421875 0.04044117647058824
0 0.72109375 0.3993566176470588 0.0234375 0.0744485294117647
0 0.6307291666666667 0.35294117647058826 0.017708333333333333 0.051470588235294115
0 0.6885416666666667 0.3975183823529412 0.028125 0.10202205882352941