0 0.20625 0.47518382352941174 0.017708333333333333 0.04595588235294118
0 0.30442708333333335 0.5707720588235294 0.0296875 0.09375
0 0.10338541666666666 0.4632352941176471 0.022395833333333334 0.06066176470588235
0 0.054427083333333334 0.43933823529411764 0.019270833333333334 0.04411764705882353
0 0.0296875 0.38786764705882354 0.016666666666666666 0.03860294117647059
0 0.11197916666666667 0.5151654411764706 0.016666666666666666 0.0744485294117647
0 0.22994791666666667 0.4820772058823529 0.025520833333333333 0.06341911764705882
0 0.7778645833333333 0.5211397058823529 0.028645833333333332 0.058823529411764705
0 0.8484375 0.5877757352941176 0.022916666666666665 0.06158088235294118
0 0.5971354166666667 0.609375 0.022395833333333334 0.08455882352941177
0 0.47682291666666665 0.5983455882352942 0.0203125 0.04779411764705882
0 0.7833333333333333 0.43474264705882354 0.022916666666666665 0.06985294117647059
0 0.7067708333333333 0.5234375 0.019791666666666666 0.050551470588235295
0 0.8119791666666667 0.6185661764705882 0.020833333333333332 0.06985294117647059