0 0.029427083333333333 0.36580882352941174 0.027604166666666666 0.07352941176470588
0 0.20364583333333333 0.41222426470588236 0.017708333333333333 0.03952205882352941
0 0.18828125 0.47012867647058826 0.013020833333333334 0.06341911764705882
0 0.22239583333333332 0.5349264705882353 0.013541666666666667 0.06985294117647059
0 0.4395833333333333 0.6089154411764706 0.020833333333333332 0.07996323529411764
0 0.41822916666666665 0.6194852941176471 0.014583333333333334 0.07536764705882353
0 0.3958333333333333 0.6213235294117647 0.019791666666666666 0.07720588235294118
0 0.6953125 0.47518382352941174 0.021875 0.04779411764705882
0 0.8721354166666667 0.6856617647058824 0.021354166666666667 0.06985294117647059
0 0.9190104166666667 0.5386029411764706 0.011979166666666667 0.05698529411764706
0 0.14088541666666668 0.38419117647058826 0.011979166666666667 0.051470588235294115
0 0.3145833333333333 0.45955882352941174 0.029166666666666667 0.05698529411764706
0 0.26927083333333335 0.49494485294117646 0.03125 0.06341911764705882