0 0.23255208333333333 0.3938419117647059 0.0171875 0.05238970588235294
0 0.20234375 0.40762867647058826 0.015104166666666667 0.06341911764705882
0 0.10494791666666667 0.5418198529411765 0.018229166666666668 0.078125
0 0.08880208333333334 0.5087316176470589 0.011979166666666667 0.04871323529411765
0 0.31796875 0.36443014705882354 0.030729166666666665 0.08731617647058823
0 0.35885416666666664 0.35018382352941174 0.01875 0.08088235294117647
0 0.37838541666666664 0.359375 0.0140625 0.11029411764705882
0 0.5684895833333333 0.42922794117647056 0.015104166666666667 0.04779411764705882
0 0.8067708333333333 0.6162683823529411 0.017708333333333333 0.078125
0 0.7768229166666667 0.6236213235294118 0.0140625 0.05238970588235294
0 0.7877604166666666 0.6254595588235294 0.0140625 0.06709558823529412
0 0.6088541666666667 0.5592830882352942 0.013541666666666667 0.05238970588235294