0 0.8036556603773585 0.35752212389380533 0.11910377358490566 0.3433628318584071
0 0.8349056603773585 0.7026548672566372 0.07075471698113207 0.19469026548672566
0 0.9498820754716981 0.47079646017699117 0.08372641509433962 0.14513274336283186
0 0.7564858490566038 0.5017699115044247 0.045990566037735846 0.21061946902654868
0 0.7069575471698113 0.5106194690265486 0.045990566037735846 0.20353982300884957
0 0.6444575471698113 0.8389380530973451 0.0695754716981132 0.15575221238938053
0 0.6043632075471698 0.4345132743362832 0.03891509433962264 0.13274336283185842
0 0.5341981132075472 0.3920353982300885 0.05660377358490566 0.09026548672566372
0 0.4893867924528302 0.45486725663716815 0.030660377358490566 0.1168141592920354
0 0.41273584905660377 0.4575221238938053 0.03773584905660377 0.11858407079646018
0 0.5153301886792453 0.2867256637168142 0.06367924528301887 0.06017699115044248