0 0.3140625 0.45422535211267606 0.078125 0.12441314553990611
0 0.203125 0.4894366197183099 0.08125 0.22300469483568075
0 0.25390625 0.6291079812206573 0.0609375 0.13615023474178403
0 0.184375 0.8204225352112676 0.11875 0.13849765258215962
0 0.05078125 0.5880281690140845 0.1015625 0.2746478873239437
0 0.321875 0.6197183098591549 0.053125 0.0892018779342723
0 0.3140625 0.7323943661971831 0.053125 0.09859154929577464
0 0.41953125 0.7382629107981221 0.0296875 0.08685446009389672
0 0.37109375 0.7335680751173709 0.0171875 0.0539906103286385
0 0.4 0.5563380281690141 0.03125 0.09859154929577464
0 0.37578125 0.6185446009389671 0.0453125 0.09624413145539906