0 0.6683333333333333 0.68 0.034444444444444444 0.12333333333333334
0 0.75 0.5875 0.06 0.12166666666666667
0 0.7066666666666667 0.6825 0.06444444444444444 0.11166666666666666
0 0.6472222222222223 0.6458333333333334 0.06333333333333334 0.17166666666666666
0 0.36833333333333335 0.6391666666666667 0.03888888888888889 0.09833333333333333
0 0.26944444444444443 0.6383333333333333 0.04555555555555556 0.08333333333333333
0 0.2877777777777778 0.5941666666666666 0.03777777777777778 0.065
0 0.2877777777777778 0.5408333333333334 0.028888888888888888 0.055
0 0.4666666666666667 0.5633333333333334 0.03111111111111111 0.06666666666666667
0 0.5455555555555556 0.6358333333333334 0.02666666666666667 0.058333333333333334
0 0.5105555555555555 0.5991666666666666 0.021111111111111112 0.058333333333333334
0 0.5005555555555555 0.655 0.025555555555555557 0.07666666666666666
0 0.8177777777777778 0.5741666666666667 0.04 0.075
0 0.8827777777777778 0.6533333333333333 0.05444444444444444 0.11333333333333333
0 0.9244444444444444 0.6933333333333334 0.042222222222222223 0.10666666666666667
0 0.9805555555555555 0.605 0.03888888888888889 0.16666666666666666
0 0.3238888888888889 0.6041666666666666 0.052222222222222225 0.155
0 0.5877777777777777 0.615 0.03777777777777778 0.09666666666666666