0 0.025416666666666667 0.4192592592592593 0.050833333333333335 0.24
0 0.0725 0.4792592592592593 0.04 0.15851851851851853
0 0.02125 0.06814814814814815 0.04583333333333333 0.12148148148148148
0 0.08708333333333333 0.22296296296296297 0.07416666666666667 0.30666666666666664
0 0.11375 0.522962962962963 0.07583333333333334 0.3288888888888889
0 0.16041666666666668 0.5074074074074074 0.04583333333333333 0.2088888888888889
0 0.21375 0.5385185185185185 0.060833333333333336 0.31851851851851853
0 0.27958333333333335 0.682962962962963 0.06416666666666666 0.1688888888888889
0 0.34291666666666665 0.7674074074074074 0.03916666666666667 0.14814814814814814
0 0.27666666666666667 0.44962962962962966 0.041666666666666664 0.18518518518518517
0 0.31583333333333335 0.48962962962962964 0.03833333333333333 0.16148148148148148
0 0.325 0.39481481481481484 0.035 0.11703703703703704
0 0.3675 0.4703703703703704 0.06166666666666667 0.17333333333333334
0 0.3879166666666667 0.5992592592592593 0.0425 0.09333333333333334
0 0.6079166666666667 0.21925925925925926 0.04583333333333333 0.13037037037037036