0 0.858125 0.5985985985985987 0.1275 0.4164164164164164
0 0.733125 0.4904904904904905 0.0825 0.2802802802802803
0 0.6046875 0.35535535535535534 0.160625 0.2602602602602603
0 0.5090625 0.492992992992993 0.121875 0.4494494494494494
0 0.3990625 0.6041041041041041 0.119375 0.4914914914914915
0 0.3128125 0.5175175175175175 0.078125 0.3483483483483483
0 0.619375 0.6481481481481481 0.08625 0.27127127127127126
0 0.6934375 0.6806806806806807 0.084375 0.28428428428428426
0 0.9521875 0.6336336336336337 0.076875 0.16816816816816818
0 0.8028125 0.4089089089089089 0.075625 0.25925925925925924
0 0.1725 0.5965965965965966 0.06875 0.17017017017017017