0 0.09557291666666666 0.7804166666666666 0.0140625 0.0225
0 0.2872395833333333 0.8191666666666667 0.018229166666666668 0.04
0 0.1828125 0.7975 0.010416666666666666 0.016666666666666666
0 0.35520833333333335 0.7983333333333333 0.017708333333333333 0.03
0 0.37786458333333334 0.74625 0.011979166666666667 0.029166666666666667
0 0.4752604166666667 0.775 0.0109375 0.028333333333333332
0 0.5885416666666666 0.7579166666666667 0.010416666666666666 0.024166666666666666
0 0.6065104166666667 0.8029166666666666 0.015104166666666667 0.034166666666666665
0 0.8697916666666666 0.765 0.010416666666666666 0.02666666666666667
0 0.8723958333333334 0.7933333333333333 0.009375 0.015
0 0.8421875 0.7445833333333334 0.008333333333333333 0.015833333333333335