0 0.8359375 0.7879146919431279 0.109375 0.31990521327014215
0 0.9125 0.4087677725118483 0.075 0.26303317535545023
0 0.8890625 0.6552132701421801 0.103125 0.2962085308056872
0 0.575 0.22037914691943128 0.065625 0.18009478672985782
0 0.48515625 0.7819905213270142 0.0484375 0.12322274881516587
0 0.459375 0.5106635071090048 0.065625 0.17298578199052134
0 0.2421875 0.6895734597156398 0.03125 0.0947867298578199
0 0.7484375 0.36018957345971564 0.09375 0.1848341232227488
0 0.69140625 0.44549763033175355 0.0640625 0.0995260663507109
0 0.13046875 0.4004739336492891 0.0484375 0.08056872037914692
0 0.3875 0.37796208530805686 0.046875 0.0924170616113744
0 0.62890625 0.7097156398104265 0.0484375 0.1018957345971564