0 0.1519097222222222 0.42932628797886396 0.11631944444444445 0.31175693527080584
0 0.22005208333333334 0.7331571994715984 0.1015625 0.285336856010568
0 0.5056423611111112 0.3177014531043593 0.1328125 0.3236459709379128
0 0.6857638888888888 0.332892998678996 0.09722222222222222 0.332892998678996
0 0.8337673611111112 0.261558784676354 0.15538194444444445 0.2774108322324967
0 0.7925347222222222 0.6756935270805813 0.13368055555555555 0.30779392338177014
0 0.6592881944444444 0.7443857331571995 0.15885416666666666 0.39762219286657857
0 0.4396701388888889 0.6585204755614267 0.10677083333333333 0.29722589167767505
0 0.4097222222222222 0.3771466314398943 0.08854166666666667 0.3236459709379128
0 0.3216145833333333 0.4002642007926024 0.09809027777777778 0.33553500660501984
0 0.4014756944444444 0.7998678996036989 0.11197916666666667 0.2655217965653897
0 0.10503472222222222 0.5336856010568032 0.08854166666666667 0.2774108322324967
0 0.24131944444444445 0.3665785997357992 0.09027777777777778 0.202113606340819
0 0.9852430555555556 0.6175693527080581 0.027777777777777776 0.08850726552179657