0 0.08154296875 0.6738636363636363 0.048828125 0.15681818181818183
0 0.1328125 0.6109848484848485 0.03515625 0.18106060606060606
0 0.19775390625 0.6359848484848485 0.0703125 0.18409090909090908
0 0.25146484375 0.5545454545454546 0.03515625 0.11363636363636363
0 0.293701171875 0.5700757575757576 0.04931640625 0.13560606060606062
0 0.33251953125 0.5375 0.0283203125 0.12196969696969696
0 0.3720703125 0.5371212121212121 0.0498046875 0.12272727272727273
0 0.406494140625 0.5083333333333333 0.02978515625 0.12121212121212122
0 0.4306640625 0.4678030303030303 0.0244140625 0.08712121212121213
0 0.448974609375 0.49772727272727274 0.02685546875 0.09242424242424242
0 0.47607421875 0.48863636363636365 0.03125 0.08333333333333333
0 0.498291015625 0.45416666666666666 0.03271484375 0.075
0 0.544921875 0.425 0.02734375 0.06666666666666667
0 0.5703125 0.3996212121212121 0.0244140625 0.09772727272727273
0 0.589599609375 0.39924242424242423 0.02685546875 0.05454545454545454
0 0.6181640625 0.3946969696969697 0.029296875 0.06515151515151515
0 0.642578125 0.3787878787878788 0.021484375 0.05454545454545454
0 0.035400390625 0.7303030303030303 0.05126953125 0.27121212121212124
0 0.65966796875 0.375 0.009765625 0.03636363636363636
0 0.68701171875 0.36515151515151517 0.0087890625 0.02878787878787879
0 0.6923828125 0.3784090909090909 0.0068359375 0.020454545454545454