0 0.9621109607577808 0.742914979757085 0.06224627875507442 0.2834008097165992
0 0.8173207036535859 0.6396761133603239 0.07307171853856563 0.1862348178137652
0 0.022327469553450607 0.6427125506072875 0.03924221921515562 0.16396761133603238
0 0.07983761840324763 0.6518218623481782 0.04330175913396482 0.10526315789473684
0 0.14749661705006767 0.7682186234817814 0.04330175913396482 0.0951417004048583
0 0.15426251691474965 0.6325910931174089 0.07577807848443843 0.09919028340080972
0 0.2456021650879567 0.6032388663967612 0.023004059539918808 0.03643724696356275
0 0.2422192151556157 0.6497975708502024 0.02435723951285521 0.048582995951417005
0 0.6921515561569689 0.631578947368421 0.017591339648173207 0.044534412955465584
0 0.6238159675236806 0.5738866396761133 0.013531799729364006 0.038461538461538464
0 0.8599458728010826 0.6356275303643725 0.03924221921515562 0.08097165991902834
0 0.5906630581867388 0.5789473684210527 0.014884979702300407 0.03643724696356275
0 0.7672530446549392 0.6831983805668016 0.018944519621109608 0.05060728744939271
0 0.9140730717185386 0.5799595141700404 0.02571041948579161 0.03441295546558704
0 0.9262516914749662 0.7439271255060729 0.02029769959404601 0.07489878542510121
0 0.9215155615696887 0.652834008097166 0.02706359945872801 0.0951417004048583