0 0.234375 0.7859375 0.11666666666666667 0.315625
0 0.3203125 0.77421875 0.09479166666666666 0.2453125
0 0.3927083333333333 0.76328125 0.07291666666666667 0.1953125
0 0.37447916666666664 0.47890625 0.14270833333333333 0.1296875
0 0.11979166666666667 0.72265625 0.058333333333333334 0.0703125
0 0.43854166666666666 0.57734375 0.0625 0.1796875
0 0.509375 0.56328125 0.05416666666666667 0.1015625
0 0.5390625 0.71875 0.06145833333333333 0.1875
0 0.4890625 0.79140625 0.040625 0.1015625
0 0.6208333333333333 0.64453125 0.05416666666666667 0.2015625
0 0.575 0.58046875 0.04583333333333333 0.1234375
0 0.575 0.7171875 0.035416666666666666 0.128125
0 0.6619791666666667 0.59375 0.06354166666666666 0.1125
0 0.7052083333333333 0.57890625 0.06666666666666667 0.0921875
0 0.7067708333333333 0.6765625 0.05520833333333333 0.11875
0 0.7427083333333333 0.6578125 0.03333333333333333 0.0875
0 0.7604166666666666 0.58515625 0.05 0.0671875
0 0.9067708333333333 0.6046875 0.015625 0.0375
0 0.9161458333333333 0.54921875 0.011458333333333333 0.0265625
0 0.878125 0.53359375 0.0125 0.0515625
0 0.8921875 0.57890625 0.009375 0.0578125
0 0.8791666666666667 0.5734375 0.010416666666666666 0.04375
0 0.8609375 0.56484375 0.019791666666666666 0.0515625
0 0.8546875 0.60546875 0.019791666666666666 0.0234375
0 0.8458333333333333 0.6546875 0.016666666666666666 0.03125
0 0.8380208333333333 0.5671875 0.021875 0.065625
0 0.8234375 0.59453125 0.028125 0.0609375
0 0.7760416666666666 0.69765625 0.035416666666666666 0.1046875
0 0.8005208333333333 0.6625 0.028125 0.103125
0 0.60625 0.440625 0.041666666666666664 0.1