0 0.14038461538461539 0.4835566382460414 0.03 0.0682095006090134
0 0.1426923076923077 0.6187576126674786 0.031538461538461536 0.048721071863580996
0 0.3088461538461538 0.4902557856272838 0.03 0.06455542021924482
0 0.3392307692307692 0.48964677222898906 0.02 0.07064555420219244
0 0.4207692307692308 0.5310596833130329 0.027692307692307693 0.07551766138855055
0 0.4453846153846154 0.5420219244823387 0.02 0.08526187576126674
0 0.4596153846153846 0.5377588306942753 0.019230769230769232 0.05481120584652863
0 0.47884615384615387 0.5420219244823387 0.023846153846153847 0.04628501827040195
0 0.35923076923076924 0.5408038976857491 0.021538461538461538 0.06090133982947625
0 0.5019230769230769 0.5408038976857491 0.016153846153846154 0.031668696711327646
0 0.5092307692307693 0.5651644336175395 0.012307692307692308 0.031668696711327646
0 0.5234615384615384 0.548721071863581 0.011538461538461539 0.025578562728380026
0 0.49153846153846154 0.5895249695493301 0.012307692307692308 0.02679658952496955
0 0.5638461538461539 0.6151035322777101 0.012307692307692308 0.03654080389768575
0 0.5765384615384616 0.6059683313032886 0.016153846153846154 0.04263093788063337