0 0.1546875 0.653125 0.04895833333333333 0.1125
0 0.11041666666666666 0.68671875 0.027083333333333334 0.1046875
0 0.06927083333333334 0.68125 0.046875 0.109375
0 0.022916666666666665 0.71328125 0.041666666666666664 0.1421875
0 0.95 0.74609375 0.07708333333333334 0.1796875
0 0.8239583333333333 0.66953125 0.0375 0.0859375
0 0.7869791666666667 0.6734375 0.040625 0.13125
0 0.7583333333333333 0.62734375 0.020833333333333332 0.0546875
0 0.6458333333333334 0.59453125 0.014583333333333334 0.0359375
0 0.28229166666666666 0.62265625 0.01875 0.0484375
0 0.26875 0.6640625 0.020833333333333332 0.05
0 0.20885416666666667 0.66484375 0.021875 0.0671875