0 0.16336206896551725 0.35642857142857143 0.07155172413793104 0.2642857142857143
0 0.3956896551724138 0.32357142857142857 0.07931034482758621 0.3585714285714286
0 0.26120689655172413 0.36642857142857144 0.06379310344827586 0.30142857142857143
0 0.3258620689655172 0.21214285714285713 0.06724137931034482 0.2042857142857143
0 0.753448275862069 0.24928571428571428 0.08620689655172414 0.33
0 0.5810344827586207 0.5342857142857143 0.06896551724137931 0.15428571428571428
0 0.6732758620689655 0.5307142857142857 0.06379310344827586 0.15285714285714286
0 0.7142241379310345 0.64 0.07155172413793104 0.26285714285714284
0 0.9543103448275863 0.7507142857142857 0.08275862068965517 0.3271428571428571
0 0.5262931034482758 0.6535714285714286 0.05603448275862069 0.16428571428571428
0 0.6663793103448276 0.07 0.10344827586206896 0.13142857142857142
0 0.21982758620689655 0.5628571428571428 0.10862068965517241 0.2057142857142857
0 0.3448275862068966 0.8 0.06551724137931035 0.24
0 0.3896551724137931 0.5635714285714286 0.07931034482758621 0.19
0 0.6810344827586207 0.7892857142857143 0.056896551724137934 0.16428571428571428