0 0.29933333333333334 0.42610837438423643 0.03866666666666667 0.1625615763546798
0 0.32666666666666666 0.4351395730706076 0.014666666666666666 0.07881773399014778
0 0.345 0.3817733990147783 0.012666666666666666 0.10673234811165845
0 0.977 0.3045977011494253 0.04466666666666667 0.3366174055829228
0 0.9316666666666666 0.3185550082101806 0.03933333333333333 0.18719211822660098
0 0.881 0.4433497536945813 0.03133333333333333 0.10180623973727422
0 0.8513333333333334 0.42036124794745483 0.02666666666666667 0.15763546798029557
0 0.8216666666666667 0.40229885057471265 0.026 0.15763546798029557
0 0.849 0.27832512315270935 0.06466666666666666 0.11658456486042693
0 0.7906666666666666 0.37438423645320196 0.042666666666666665 0.1412151067323481
0 0.7523333333333333 0.34893267651888343 0.026 0.090311986863711
0 0.73 0.4064039408866995 0.030666666666666665 0.11001642036124795
0 0.7036666666666667 0.37438423645320196 0.026 0.10837438423645321
0 0.6756666666666666 0.37192118226600984 0.020666666666666667 0.08374384236453201
0 0.6313333333333333 0.36617405582922824 0.010666666666666666 0.04597701149425287
0 0.6523333333333333 0.3620689655172414 0.01 0.034482758620689655