0 0.770625 0.4657240788346187 0.19625 0.3967437874892888
0 0.62 0.6602399314481576 0.12 0.23736075407026563
0 0.52 0.42887746358183376 0.125 0.3453299057412168
0 0.4190625 0.448586118251928 0.089375 0.37103684661525277
0 0.1865625 0.4297343616109683 0.144375 0.4258783204798629
0 0.3140625 0.4922879177377892 0.103125 0.4498714652956298
0 0.794375 0.7806341045415596 0.1025 0.12853470437017994
0 0.926875 0.6675235646958012 0.14 0.35475578406169667
0 0.9403125 0.49014567266495285 0.118125 0.21422450728363324
0 0.015625 0.10239931448157669 0.0325 0.12767780634104542
0 0.50625 0.17866323907455012 0.04125 0.05741216795201371