0 0.6926 0.8720285261489699 0.078 0.21473851030110935
0 0.6322 0.8205229793977813 0.0628 0.1862123613312203
0 0.6494 0.6192551505546752 0.0716 0.20206022187004755
0 0.2998 0.3379556259904913 0.0948 0.2559429477020602
0 0.101 0.7840729001584786 0.1452 0.4223454833597464
0 0.3266 0.8716323296354992 0.13 0.22820919175911253
0 0.4464 0.7694136291600634 0.0544 0.21711568938193343
0 0.7208 0.45166402535657685 0.0416 0.12202852614896989
0 0.677 0.4480982567353407 0.0468 0.13549920760697307
0 0.6422 0.3696513470681458 0.0636 0.22266244057052298
0 0.805 0.46513470681458 0.046 0.07923930269413629
0 0.8434 0.5891442155309033 0.046 0.12282091917591126
0 0.592 0.6370839936608558 0.0352 0.14421553090332806
0 0.5654 0.6485736925515055 0.0228 0.10697305863708399
0 0.5586 0.446513470681458 0.0316 0.12282091917591126
0 0.4402 0.43621236133122027 0.0556 0.24009508716323297
0 0.3756 0.3783676703645008 0.0712 0.1862123613312203
0 0.3798 0.6628367670364501 0.0708 0.11014263074484945
0 0.1714 0.5966719492868463 0.1228 0.2519809825673534
0 0.2628 0.7404912836767037 0.08 0.22900158478605387
0 0.1026 0.30427892234548337 0.1884 0.24088748019017434
0 0.2 0.8989698890649762 0.0944 0.22741679873217116
0 0.0448 0.45879556259904913 0.088 0.2868462757527734
0 0.4758 0.5804278922345484 0.0764 0.09904912836767037
0 0.5104 0.49009508716323297 0.0664 0.08478605388272584
0 0.7256 0.9694928684627575 0.0432 0.05784469096671949
0 0.4502 0.9790015847860539 0.0596 0.03882725832012678
0 0.8734 0.3082408874801902 0.0468 0.07606973058637084
0 0.8346 0.3704437400950872 0.0444 0.08637083993660856
0 0.9684 0.2559429477020602 0.0336 0.08557844690966719
0 0.988 0.2004754358161648 0.0224 0.04595879556259905
0 0.9884 0.31576862123613314 0.0208 0.04041204437400951
0 0.9466 0.3977812995245642 0.0252 0.07923930269413629
0 0.898 0.4857369255150555 0.048 0.08082408874801902
0 0.921 0.40649762282091917 0.0132 0.06656101426307448
0 0.9802 0.41679873217115687 0.0284 0.06656101426307448
0 0.3976 0.8019017432646592 0.0472 0.13946117274167988
0 0.3376 0.7143423137876387 0.072 0.11806656101426308