0 0.25875 0.273125 0.049166666666666664 0.10375
0 0.17583333333333334 0.326875 0.06833333333333333 0.16375
0 0.24333333333333335 0.38 0.055 0.1275
0 0.49666666666666665 0.461875 0.04666666666666667 0.14625
0 0.5304166666666666 0.55875 0.034166666666666665 0.0775
0 0.4554166666666667 0.378125 0.0675 0.08875
0 0.5420833333333334 0.3175 0.07083333333333333 0.1075
0 0.6108333333333333 0.326875 0.04666666666666667 0.13125
0 0.6329166666666667 0.45625 0.035833333333333335 0.0675
0 0.7120833333333333 0.334375 0.06416666666666666 0.19625
0 0.7758333333333334 0.2925 0.07333333333333333 0.18
0 0.83875 0.296875 0.04083333333333333 0.12125
0 0.8020833333333334 0.138125 0.0275 0.04125
0 0.74875 0.190625 0.049166666666666664 0.07375