0 0.6854166666666667 0.68375 0.18083333333333335 0.48
0 0.8470833333333333 0.78125 0.15416666666666667 0.315
0 0.935 0.36 0.12333333333333334 0.3325
0 0.5041666666666667 0.53625 0.175 0.3775
0 0.2941666666666667 0.425625 0.021666666666666667 0.08625
0 0.3175 0.435 0.035 0.1225
0 0.33375 0.525 0.025833333333333333 0.12
0 0.38333333333333336 0.461875 0.03333333333333333 0.13625
0 0.42791666666666667 0.3075 0.13416666666666666 0.1975
0 0.5054166666666666 0.068125 0.0825 0.13125
0 0.36791666666666667 0.270625 0.0725 0.21125
0 0.36125 0.526875 0.0375 0.13625