0 0.07194899817850638 0.5355191256830601 0.020036429872495445 0.0546448087431694
0 0.7595628415300546 0.4849726775956284 0.02185792349726776 0.06284153005464481
0 0.6147540983606558 0.505464480874317 0.023679417122040074 0.07650273224043716
0 0.5701275045537341 0.45491803278688525 0.02185792349726776 0.05191256830601093
0 0.558287795992714 0.5245901639344263 0.023679417122040074 0.07103825136612021
0 0.5373406193078324 0.4644808743169399 0.02185792349726776 0.04371584699453552
0 0.49453551912568305 0.49863387978142076 0.023679417122040074 0.05191256830601093
0 0.4371584699453552 0.45081967213114754 0.029143897996357013 0.04371584699453552
0 0.424408014571949 0.49863387978142076 0.025500910746812388 0.07923497267759563
0 0.4016393442622951 0.5491803278688525 0.023679417122040074 0.07103825136612021
0 0.34972677595628415 0.5382513661202186 0.029143897996357013 0.07650273224043716
0 0.28233151183970856 0.5724043715846995 0.018214936247723135 0.05737704918032787
0 0.8096539162112932 0.5136612021857924 0.023679417122040074 0.060109289617486336
0 0.9635701275045537 0.45491803278688525 0.02185792349726776 0.03551912568306011
0 0.9872495446265938 0.5300546448087432 0.02185792349726776 0.04371584699453552