0 0.79453125 0.6152777777777778 0.0859375 0.2916666666666667
0 0.938671875 0.6652777777777777 0.11796875 0.6666666666666666
0 0.05859375 0.45694444444444443 0.05 0.14722222222222223
0 0.172265625 0.475 0.05546875 0.2388888888888889
0 0.235546875 0.44930555555555557 0.07421875 0.19027777777777777
0 0.314453125 0.46875 0.09609375 0.16805555555555557
0 0.36875 0.6479166666666667 0.075 0.21805555555555556
0 0.425390625 0.6263888888888889 0.06484375 0.26944444444444443
0 0.523828125 0.6284722222222222 0.09453125 0.16805555555555557
0 0.609765625 0.7201388888888889 0.11796875 0.3263888888888889
0 0.64765625 0.5388888888888889 0.1109375 0.18611111111111112