0 0.1951219512195122 0.6489547038327527 0.0743321718931475 0.29442508710801396
0 0.2584204413472706 0.837979094076655 0.07549361207897794 0.1916376306620209
0 0.47038327526132406 0.5792682926829268 0.0975609756097561 0.3327526132404181
0 0.5580720092915215 0.24303135888501742 0.11265969802555169 0.1759581881533101
0 0.6579558652729385 0.1132404181184669 0.09872241579558652 0.21254355400696864
0 0.7619047619047619 0.09320557491289198 0.08130081300813008 0.1759581881533101
0 0.1173054587688734 0.6332752613240418 0.053426248548199766 0.12020905923344948
0 0.5545876887340302 0.7412891986062717 0.05226480836236934 0.25261324041811845
0 0.9163763066202091 0.0897212543554007 0.16260162601626016 0.17247386759581881
0 0.826945412311266 0.7064459930313589 0.023228803716608595 0.05400696864111498
0 0.7938443670150988 0.676829268292683 0.029036004645760744 0.047038327526132406
0 0.8780487804878049 0.6332752613240418 0.023228803716608595 0.047038327526132406