0 0.34479166666666666 0.3818933823529412 0.019791666666666666 0.05422794117647059
0 0.40963541666666664 0.43795955882352944 0.019270833333333334 0.078125
0 0.475 0.5174632352941176 0.017708333333333333 0.06066176470588235
0 0.5963541666666666 0.34512867647058826 0.016666666666666666 0.046875
0 0.6072916666666667 0.40762867647058826 0.020833333333333332 0.07628676470588236
0 0.7947916666666667 0.42003676470588236 0.023958333333333335 0.08088235294117647
0 0.7372395833333333 0.38419117647058826 0.0171875 0.08272058823529412
0 0.7934895833333333 0.3157169117647059 0.0203125 0.05974264705882353
0 0.85078125 0.5358455882352942 0.0203125 0.058823529411764705
0 0.40520833333333334 0.19255514705882354 0.030208333333333334 0.07996323529411764
0 0.10859375 0.2532169117647059 0.0234375 0.06158088235294118
0 0.04088541666666667 0.3515625 0.0203125 0.06893382352941177
0 0.25885416666666666 0.34972426470588236 0.021875 0.0744485294117647
0 0.18567708333333333 0.3786764705882353 0.027604166666666666 0.06066176470588235
0 0.1203125 0.3975183823529412 0.016666666666666666 0.07261029411764706