0 0.22708333333333333 0.4522058823529412 0.026041666666666668 0.06433823529411764
0 0.2986979166666667 0.4195772058823529 0.016145833333333335 0.03952205882352941
0 0.37994791666666666 0.5032169117647058 0.0171875 0.05974264705882353
0 0.18307291666666667 0.5041360294117647 0.018229166666666668 0.04136029411764706
0 0.14036458333333332 0.5390625 0.013020833333333334 0.043198529411764705
0 0.007291666666666667 0.4632352941176471 0.013541666666666667 0.06433823529411764
0 0.5723958333333333 0.5473345588235294 0.023958333333333335 0.043198529411764705
0 0.740625 0.6668198529411765 0.017708333333333333 0.07628676470588236
0 0.7580729166666667 0.6824448529411765 0.015104166666666667 0.057904411764705885
0 0.7432291666666667 0.5859375 0.013541666666666667 0.04503676470588235
0 0.8098958333333334 0.5041360294117647 0.015625 0.08363970588235294
0 0.7658854166666667 0.5716911764705882 0.018229166666666668 0.07720588235294118
0 0.8682291666666667 0.5151654411764706 0.016666666666666666 0.06893382352941177
0 0.9307291666666667 0.5078125 0.016666666666666666 0.03216911764705882