0 0.14947916666666666 0.6983024691358025 0.18229166666666666 0.39351851851851855
0 0.384375 0.5277777777777778 0.09166666666666666 0.17592592592592593
0 0.5333333333333333 0.4367283950617284 0.18333333333333332 0.3395061728395062
0 0.8953125 0.42669753086419754 0.065625 0.18055555555555555
0 0.8276041666666667 0.49228395061728397 0.05520833333333333 0.12962962962962962
0 0.7614583333333333 0.2183641975308642 0.07291666666666667 0.2021604938271605
0 0.23958333333333334 0.13194444444444445 0.06458333333333334 0.15895061728395063
0 0.33229166666666665 0.2021604938271605 0.07708333333333334 0.12962962962962962
0 0.203125 0.44058641975308643 0.0625 0.20833333333333334
0 0.26197916666666665 0.32407407407407407 0.084375 0.08950617283950617
0 0.12447916666666667 0.17746913580246915 0.096875 0.12345679012345678
0 0.30364583333333334 0.44135802469135804 0.05520833333333333 0.12037037037037036
0 0.7645833333333333 0.6867283950617284 0.07291666666666667 0.13271604938271606
0 0.6932291666666667 0.7422839506172839 0.07604166666666666 0.3425925925925926
0 0.5328125 0.14969135802469136 0.071875 0.19444444444444445
0 0.44895833333333335 0.11728395061728394 0.07916666666666666 0.14814814814814814
0 0.9505208333333334 0.3912037037037037 0.06354166666666666 0.16820987654320987
0 0.5942708333333333 0.6388888888888888 0.090625 0.10802469135802469