0 0.93875 0.3056506849315068 0.1175 0.136986301369863
0 0.904375 0.3852739726027397 0.10875 0.2465753424657534
0 0.8021875 0.4576198630136986 0.121875 0.2508561643835616
0 0.665625 0.5496575342465754 0.07875 0.12157534246575342
0 0.585 0.5513698630136986 0.04375 0.10445205479452055
0 0.418125 0.5111301369863014 0.08625 0.1815068493150685
0 0.418125 0.4113869863013699 0.03875 0.05051369863013699
0 0.535 0.53125 0.04125 0.07962328767123288
0 0.5290625 0.4233732876712329 0.055625 0.06592465753424658
0 0.494375 0.5235445205479452 0.045 0.14126712328767124
0 0.458125 0.4995719178082192 0.03375 0.1566780821917808
0 0.2775 0.555222602739726 0.025 0.07277397260273973
0 0.2903125 0.526541095890411 0.026875 0.08047945205479452
0 0.316875 0.5235445205479452 0.03875 0.08304794520547945
0 0.225625 0.5034246575342466 0.015 0.046232876712328765
0 0.2496875 0.5081335616438356 0.023125 0.059075342465753425
0 0.246875 0.5522260273972602 0.0375 0.06164383561643835
0 0.2075 0.5205479452054794 0.03375 0.0684931506849315
0 0.176875 0.5398116438356164 0.03875 0.07962328767123288
0 0.60125 0.4409246575342466 0.0225 0.030821917808219176
0 0.655625 0.4366438356164384 0.0575 0.08904109589041095