0 0.09863945578231292 0.5122950819672131 0.0685504971219257 0.2822014051522248
0 0.19963369963369965 0.547423887587822 0.06227106227106227 0.33138173302107726
0 0.27472527472527475 0.5485948477751756 0.0837257980115123 0.47892271662763464
0 0.3618524332810047 0.40339578454332553 0.07378335949764521 0.18149882903981265
0 0.23783359497645212 0.06674473067915691 0.05389848246991104 0.11943793911007025
0 0.380429094714809 0.11358313817330211 0.06279434850863422 0.21779859484777517
0 0.4618001046572475 0.22540983606557377 0.10622710622710622 0.31733021077283374
0 0.6033490319204605 0.2962529274004684 0.08163265306122448 0.2529274004683841
0 0.5287807430664574 0.3284543325526932 0.09576138147566719 0.41100702576112413
0 0.6187859759288331 0.06440281030444965 0.06331763474620618 0.12412177985948478
0 0.7592883307169022 0.07669789227166277 0.0554683411826269 0.14402810304449648
0 0.4720041862899006 0.6247072599531616 0.05023547880690738 0.07845433255269321