0 0.08799342105263158 0.23391812865497075 0.10032894736842106 0.45614035087719296
0 0.03618421052631579 0.2543859649122807 0.07236842105263158 0.5029239766081871
0 0.24095394736842105 0.3084795321637427 0.1069078947368421 0.35964912280701755
0 0.3371710526315789 0.3538011695906433 0.10526315789473684 0.40350877192982454
0 0.42598684210526316 0.45760233918128657 0.09539473684210527 0.6754385964912281
0 0.53125 0.47076023391812866 0.10197368421052631 0.3684210526315789
0 0.7047697368421053 0.6301169590643275 0.10361842105263158 0.260233918128655
0 0.8009868421052632 0.6169590643274854 0.08881578947368421 0.2046783625730994
0 0.8758223684210527 0.4926900584795322 0.08388157894736842 0.37719298245614036
0 0.9802631578947368 0.36988304093567254 0.03618421052631579 0.1608187134502924
0 0.6694078947368421 0.4546783625730994 0.16447368421052633 0.2719298245614035
0 0.19983552631578946 0.06871345029239766 0.0805921052631579 0.12573099415204678