0 0.7340216322517208 0.7706489675516224 0.046214355948869225 0.051622418879056046
0 0.22812192723697147 0.6290560471976401 0.06489675516224189 0.14601769911504425
0 0.26253687315634217 0.7905604719764012 0.10422812192723697 0.11799410029498525
0 0.29646017699115046 0.8805309734513275 0.11701081612586037 0.18289085545722714
0 0.4301868239921337 0.8266961651917404 0.05014749262536873 0.1607669616519174
0 0.48770894788593905 0.668141592920354 0.06686332350049164 0.08259587020648967
0 0.4803343166175025 0.7470501474926253 0.09144542772861357 0.13126843657817108
0 0.4995083579154376 0.8893805309734514 0.025565388397246803 0.058997050147492625
0 0.5629301868239921 0.8207964601769911 0.028515240904621434 0.07227138643067847
0 0.5821042281219272 0.7898230088495575 0.02359882005899705 0.051622418879056046
0 0.5939036381514258 0.6570796460176991 0.01966568338249754 0.06637168141592921