0 0.240625 0.41222426470588236 0.019791666666666666 0.02849264705882353
0 0.4192708333333333 0.4430147058823529 0.026041666666666668 0.08639705882352941
0 0.48776041666666664 0.53125 0.0140625 0.03676470588235294
0 0.5296875 0.6024816176470589 0.027083333333333334 0.06709558823529412
0 0.6497395833333334 0.453125 0.015104166666666667 0.04044117647058824
0 0.6927083333333334 0.48621323529411764 0.01875 0.04411764705882353
0 0.6643229166666667 0.5905330882352942 0.025520833333333333 0.06341911764705882
0 0.7255208333333333 0.5675551470588235 0.041666666666666664 0.04871323529411765
0 0.809375 0.48575367647058826 0.027083333333333334 0.03952205882352941
0 0.878125 0.5137867647058824 0.016666666666666666 0.051470588235294115
0 0.7372395833333333 0.41452205882352944 0.018229166666666668 0.02389705882352941