0 0.9255555555555556 0.2701612903225806 0.09111111111111111 0.14919354838709678
0 0.6711111111111111 0.11693548387096774 0.1288888888888889 0.20161290322580644
0 0.7977777777777778 0.3074596774193548 0.13333333333333333 0.19959677419354838
0 0.5222222222222223 0.2399193548387097 0.13777777777777778 0.1935483870967742
0 0.5866666666666667 0.7620967741935484 0.09777777777777778 0.14112903225806453
0 0.8955555555555555 0.7872983870967742 0.08444444444444445 0.17137096774193547
0 0.8077777777777778 0.813508064516129 0.08666666666666667 0.10685483870967742
0 0.15 0.6219758064516129 0.08666666666666667 0.1875
0 0.2966666666666667 0.5393145161290323 0.08666666666666667 0.1350806451612903
0 0.48333333333333334 0.6653225806451613 0.14888888888888888 0.27419354838709675
0 0.3888888888888889 0.9112903225806451 0.10666666666666667 0.1693548387096774
0 0.4722222222222222 0.43649193548387094 0.20666666666666667 0.17137096774193547
0 0.23444444444444446 0.7711693548387096 0.06 0.11491935483870967
0 0.05333333333333334 0.6481854838709677 0.06666666666666667 0.1310483870967742
0 0.05555555555555555 0.4012096774193548 0.057777777777777775 0.07661290322580645
0 0.29 0.6612903225806451 0.09111111111111111 0.10483870967741936
0 0.27666666666666667 0.3598790322580645 0.12666666666666668 0.12298387096774194
0 0.20333333333333334 0.47076612903225806 0.19777777777777777 0.1028225806451613
0 0.043333333333333335 0.2247983870967742 0.08222222222222222 0.07459677419354839
0 0.7911111111111111 0.4717741935483871 0.06222222222222222 0.056451612903225805
0 0.7144444444444444 0.8024193548387096 0.09555555555555556 0.07258064516129033
0 0.2822222222222222 0.967741935483871 0.1111111111111111 0.07661290322580645
0 0.1288888888888889 0.6935483870967742 0.057777777777777775 0.11290322580645161