0 0.17790697674418604 0.35365853658536583 0.05116279069767442 0.18118466898954705
0 0.21337209302325583 0.5209059233449478 0.05465116279069768 0.20905923344947736
0 0.5523255813953488 0.6306620209059234 0.21395348837209302 0.5400696864111498
0 0.7325581395348837 0.7264808362369338 0.12558139534883722 0.43902439024390244
0 0.9023255813953488 0.7247386759581882 0.18372093023255814 0.4912891986062718
0 0.3023255813953488 0.6062717770034843 0.06511627906976744 0.23693379790940766
0 0.23255813953488372 0.6846689895470384 0.027906976744186046 0.12195121951219512
0 0.4122093023255814 0.6193379790940766 0.07325581395348837 0.2073170731707317
0 0.23662790697674418 0.3911149825783972 0.05930232558139535 0.259581881533101
0 0.20465116279069767 0.14721254355400698 0.053488372093023255 0.07491289198606271
0 0.1325581395348837 0.2613240418118467 0.030232558139534883 0.11149825783972125
0 0.17848837209302326 0.5261324041811847 0.040697674418604654 0.156794425087108
0 0.08255813953488372 0.4520905923344948 0.030232558139534883 0.07491289198606271
0 0.12732558139534883 0.4886759581881533 0.03604651162790698 0.08536585365853659