0 0.2015625 0.5215992647058824 0.026041666666666668 0.06341911764705882
0 0.4203125 0.5500919117647058 0.020833333333333332 0.0744485294117647
0 0.44635416666666666 0.5886948529411765 0.019791666666666666 0.0818014705882353
0 0.46640625 0.47931985294117646 0.018229166666666668 0.07996323529411764
0 0.396875 0.5427389705882353 0.015625 0.06893382352941177
0 0.40286458333333336 0.6631433823529411 0.0140625 0.07261029411764706
0 0.38671875 0.6465992647058824 0.0171875 0.078125
0 0.36822916666666666 0.5698529411764706 0.017708333333333333 0.06985294117647059
0 0.6359375 0.49724264705882354 0.014583333333333334 0.05698529411764706
0 0.71171875 0.4944852941176471 0.016145833333333335 0.051470588235294115
0 0.8533854166666667 0.5868566176470589 0.0171875 0.06525735294117647
0 0.7184895833333333 0.33409926470588236 0.016145833333333335 0.07261029411764706