0 0.15208333333333332 0.5064338235294118 0.022916666666666665 0.03860294117647059
0 0.25494791666666666 0.4655330882352941 0.015104166666666667 0.050551470588235295
0 0.30520833333333336 0.5551470588235294 0.021875 0.0625
0 0.3296875 0.5271139705882353 0.013541666666666667 0.07261029411764706
0 0.35234375 0.5298713235294118 0.0171875 0.06525735294117647
0 0.3229166666666667 0.6337316176470589 0.015625 0.06709558823529412
0 0.33697916666666666 0.6438419117647058 0.016666666666666666 0.06158088235294118
0 0.39140625 0.46369485294117646 0.021354166666666667 0.08363970588235294
0 0.3809895833333333 0.5689338235294118 0.0171875 0.08823529411764706
0 0.43984375 0.28262867647058826 0.0171875 0.05606617647058824
0 0.48411458333333335 0.4728860294117647 0.0171875 0.0818014705882353
0 0.54921875 0.484375 0.0265625 0.08088235294117647
0 0.64296875 0.32536764705882354 0.018229166666666668 0.06801470588235294
0 0.63828125 0.47794117647058826 0.018229166666666668 0.03676470588235294
0 0.7859375 0.5703125 0.022916666666666665 0.06709558823529412
0 0.9065104166666667 0.5923713235294118 0.025520833333333333 0.06893382352941177