0 0.34785714285714286 0.3638095238095238 0.08142857142857143 0.17523809523809525
0 0.26857142857142857 0.379047619047619 0.08571428571428572 0.1676190476190476
0 0.23785714285714285 0.6704761904761904 0.08714285714285715 0.18666666666666668
0 0.1 0.44952380952380955 0.09142857142857143 0.18285714285714286
0 0.16428571428571428 0.32761904761904764 0.05142857142857143 0.07238095238095238
0 0.3757142857142857 0.5638095238095238 0.1 0.15619047619047619
0 0.46 0.5028571428571429 0.12 0.14857142857142858
0 0.5657142857142857 0.5171428571428571 0.09142857142857143 0.13523809523809524
0 0.635 0.26666666666666666 0.09285714285714286 0.17142857142857143
0 0.665 0.39714285714285713 0.06714285714285714 0.09714285714285714
0 0.735 0.35619047619047617 0.05857142857142857 0.13333333333333333
0 0.8 0.35714285714285715 0.07142857142857142 0.06285714285714286
0 0.8321428571428572 0.26 0.08142857142857143 0.07809523809523809
0 0.9135714285714286 0.2885714285714286 0.08142857142857143 0.10476190476190476
0 0.8907142857142857 0.38952380952380955 0.07857142857142857 0.08190476190476191
0 0.7507142857142857 0.5 0.06714285714285714 0.07428571428571429
0 0.9621428571428572 0.3342857142857143 0.055714285714285716 0.13904761904761906
0 0.8628571428571429 0.4361904761904762 0.03142857142857143 0.05714285714285714
0 0.4157142857142857 0.38 0.06 0.09714285714285714