0 0.06875 0.4342830882352941 0.016666666666666666 0.05974264705882353
0 0.08671875 0.4209558823529412 0.0171875 0.04779411764705882
0 0.09401041666666667 0.47012867647058826 0.011979166666666667 0.03952205882352941
0 0.15520833333333334 0.4039522058823529 0.016666666666666666 0.06158088235294118
0 0.18880208333333334 0.39889705882352944 0.018229166666666668 0.07169117647058823
0 0.4276041666666667 0.5229779411764706 0.019791666666666666 0.06985294117647059
0 0.3625 0.44669117647058826 0.017708333333333333 0.03308823529411765
0 0.34609375 0.5 0.011979166666666667 0.05698529411764706
0 0.39375 0.5716911764705882 0.0125 0.04779411764705882
0 0.6018229166666667 0.6181066176470589 0.019270833333333334 0.06709558823529412
0 0.5645833333333333 0.6332720588235294 0.015625 0.04779411764705882
0 0.5520833333333334 0.6631433823529411 0.015625 0.07077205882352941
0 0.5830729166666667 0.6410845588235294 0.015104166666666667 0.06158088235294118
0 0.6802083333333333 0.4094669117647059 0.019791666666666666 0.03400735294117647
0 0.7078125 0.4462316176470588 0.015625 0.02849264705882353
0 0.7497395833333333 0.5703125 0.016145833333333335 0.035845588235294115
0 0.809375 0.4912683823529412 0.026041666666666668 0.04871323529411765
0 0.7924479166666667 0.5431985294117647 0.013020833333333334 0.04595588235294118
0 0.7333333333333333 0.6061580882352942 0.007291666666666667 0.035845588235294115
0 0.6984375 0.5689338235294118 0.017708333333333333 0.04044117647058824
0 0.6588541666666666 0.4797794117647059 0.0125 0.034926470588235295
0 0.95859375 0.6842830882352942 0.013020833333333334 0.050551470588235295
0 0.47291666666666665 0.4898897058823529 0.022916666666666665 0.05514705882352941