0 0.16510416666666666 0.48391544117647056 0.020833333333333332 0.05974264705882353
0 0.20911458333333333 0.45358455882352944 0.019270833333333334 0.04871323529411765
0 0.26171875 0.59375 0.021354166666666667 0.06433823529411764
0 0.3015625 0.5785845588235294 0.021875 0.06158088235294118
0 0.2825520833333333 0.5965073529411765 0.016145833333333335 0.0661764705882353
0 0.1140625 0.4108455882352941 0.015625 0.03125
0 0.5557291666666667 0.45358455882352944 0.020833333333333332 0.043198529411764705
0 0.6080729166666666 0.45450367647058826 0.0171875 0.05238970588235294
0 0.515625 0.4462316176470588 0.013541666666666667 0.05238970588235294
0 0.4778645833333333 0.5344669117647058 0.016145833333333335 0.03400735294117647
0 0.43411458333333336 0.39889705882352944 0.016145833333333335 0.027573529411764705
0 0.42890625 0.5284926470588235 0.022395833333333334 0.04411764705882353
0 0.7463541666666667 0.6796875 0.017708333333333333 0.06341911764705882
0 0.7885416666666667 0.5142463235294118 0.016666666666666666 0.06709558823529412
0 0.5380208333333333 0.5091911764705882 0.0125 0.04963235294117647
0 0.9458333333333333 0.6456801470588235 0.0125 0.03952205882352941