0 0.9766666666666667 0.16 0.045 0.236
0 0.8620833333333333 0.059 0.0625 0.11
0 0.7329166666666667 0.249 0.04083333333333333 0.19
0 0.6604166666666667 0.325 0.0275 0.074
0 0.66625 0.542 0.0425 0.124
0 0.6216666666666667 0.427 0.03333333333333333 0.07
0 0.6141666666666666 0.648 0.05333333333333334 0.288
0 0.5208333333333334 0.567 0.03666666666666667 0.122
0 0.5391666666666667 0.724 0.041666666666666664 0.152
0 0.45625 0.42 0.0225 0.056
0 0.42083333333333334 0.551 0.01 0.034
0 0.40791666666666665 0.531 0.0125 0.054