0 0.05390625 0.4586397058823529 0.0234375 0.06433823529411764
0 0.11354166666666667 0.3993566176470588 0.019791666666666666 0.030330882352941176
0 0.1375 0.4489889705882353 0.019791666666666666 0.035845588235294115
0 0.1984375 0.5087316176470589 0.03125 0.1130514705882353
0 0.275 0.5399816176470589 0.017708333333333333 0.05238970588235294
0 0.3104166666666667 0.49862132352941174 0.042708333333333334 0.04871323529411765
0 0.39427083333333335 0.5721507352941176 0.023958333333333335 0.07261029411764706
0 0.6653645833333334 0.6043198529411765 0.016145833333333335 0.06893382352941177
0 0.7481770833333333 0.4163602941176471 0.016145833333333335 0.04963235294117647
0 0.83203125 0.44715073529411764 0.011979166666666667 0.04871323529411765
0 0.8846354166666667 0.5487132352941176 0.022395833333333334 0.04779411764705882
0 0.8552083333333333 0.5785845588235294 0.025 0.06525735294117647
0 0.8234375 0.5215992647058824 0.023958333333333335 0.046875
0 0.7598958333333333 0.5036764705882353 0.0125 0.029411764705882353