0 0.7888461538461539 0.3008083140877598 0.06384615384615384 0.11431870669745958
0 0.8476923076923077 0.3943418013856813 0.047692307692307694 0.1258660508083141
0 0.8992307692307693 0.3366050808314088 0.047692307692307694 0.10277136258660508
0 0.9788461538461538 0.45669745958429564 0.03 0.11893764434180139
0 0.9438461538461539 0.4653579676674365 0.04 0.14780600461893764
0 0.7492307692307693 0.45496535796766746 0.038461538461538464 0.10854503464203233
0 0.6815384615384615 0.3960739030023095 0.036923076923076927 0.12933025404157045
0 0.6261538461538462 0.47863741339491916 0.02923076923076923 0.09122401847575058
0 0.6630769230769231 0.48325635103926096 0.03076923076923077 0.07967667436489607
0 0.5423076923076923 0.4387990762124711 0.03076923076923077 0.09699769053117784
0 0.48115384615384615 0.3481524249422633 0.03461538461538462 0.1374133949191686
0 0.3730769230769231 0.40993071593533487 0.04923076923076923 0.16628175519630484
0 0.315 0.4312933025404157 0.031538461538461536 0.13048498845265588
0 0.28692307692307695 0.4913394919168591 0.033846153846153845 0.1374133949191686
0 0.25346153846153846 0.2909930715935335 0.05153846153846154 0.13163972286374134
0 0.155 0.4035796766743649 0.04230769230769231 0.07274826789838337
0 0.15115384615384617 0.48787528868360275 0.036153846153846154 0.10739030023094688
0 0.10038461538461538 0.45496535796766746 0.03461538461538462 0.08545034642032333
0 0.07692307692307693 0.3273672055427252 0.052307692307692305 0.1258660508083141
0 0.04923076923076923 0.42725173210161665 0.03076923076923077 0.13163972286374134
0 0.2907692307692308 0.34699769053117785 0.036923076923076927 0.09122401847575058
0 0.25884615384615384 0.47863741339491916 0.026923076923076925 0.06581986143187067
0 0.40576923076923077 0.44515011547344113 0.02846153846153846 0.1351039260969977
0 0.4523076923076923 0.35854503464203236 0.026153846153846153 0.10739030023094688
0 0.54 0.34872979214780603 0.08 0.13163972286374134
0 0.7176923076923077 0.4064665127020785 0.033846153846153845 0.15473441108545036
0 0.7419230769230769 0.3435334872979215 0.03923076923076923 0.07967667436489607
0 0.02076923076923077 0.3215935334872979 0.04153846153846154 0.11431870669745958
0 0.18269230769230768 0.4636258660508083 0.026923076923076925 0.049653579676674366
0 0.006923076923076923 0.4676674364896074 0.018461538461538463 0.08083140877598152